8.162000000000000000e+03
1.564000000000000000e+04
1.668500000000000000e+04
1.738600000000000000e+04
1.366500000000000000e+04
1.395000000000000000e+03
3.900000000000000000e+03
8.075000000000000000e+03
1.029700000000000000e+04
4.266000000000000000e+03
5.427000000000000000e+03
1.125900000000000000e+04
1.415600000000000000e+04
6.627000000000000000e+03
1.031700000000000000e+04
1.770300000000000000e+04
7.870000000000000000e+02
2.200000000000000000e+03
2.688000000000000000e+03
9.652000000000000000e+03
9.816000000000000000e+03
2.240000000000000000e+03
8.060000000000000000e+02
1.892900000000000000e+04
1.911300000000000000e+04
3.260000000000000000e+02
1.934400000000000000e+04
9.560000000000000000e+02
3.859000000000000000e+03
7.547000000000000000e+03
1.440200000000000000e+04
1.355800000000000000e+04
3.308000000000000000e+03
8.291000000000000000e+03
1.666500000000000000e+04
2.149000000000000000e+03
3.231000000000000000e+03
3.961000000000000000e+03
3.980000000000000000e+02
2.190000000000000000e+02
5.474000000000000000e+03
3.305000000000000000e+03
9.440000000000000000e+02
4.440000000000000000e+03
1.595800000000000000e+04
1.903900000000000000e+04
6.691000000000000000e+03
1.099300000000000000e+04
1.625800000000000000e+04
5.430000000000000000e+02
5.653000000000000000e+03
1.947000000000000000e+03
1.610300000000000000e+04
1.269900000000000000e+04
1.498400000000000000e+04
1.221200000000000000e+04
1.880400000000000000e+04
5.826000000000000000e+03
9.285000000000000000e+03
2.364000000000000000e+03
1.022000000000000000e+03
1.823100000000000000e+04
1.684100000000000000e+04
9.474000000000000000e+03
1.250000000000000000e+03
1.503100000000000000e+04
5.150000000000000000e+02
1.422800000000000000e+04
7.645000000000000000e+03
1.090500000000000000e+04
1.234400000000000000e+04
1.692000000000000000e+03
1.924900000000000000e+04
1.072700000000000000e+04
2.588000000000000000e+03
8.610000000000000000e+03
1.504200000000000000e+04
1.883900000000000000e+04
8.907000000000000000e+03
5.408000000000000000e+03
7.024000000000000000e+03
1.514700000000000000e+04
4.717000000000000000e+03
1.777100000000000000e+04
2.673000000000000000e+03
1.319900000000000000e+04
1.894500000000000000e+04
2.726000000000000000e+03
1.595000000000000000e+03
9.279000000000000000e+03
7.606000000000000000e+03
1.440400000000000000e+04
8.830000000000000000e+02
1.043600000000000000e+04
1.163500000000000000e+04
7.463000000000000000e+03
1.282000000000000000e+03
2.093000000000000000e+03
1.594200000000000000e+04
8.429000000000000000e+03
5.448000000000000000e+03
1.260000000000000000e+02
1.304000000000000000e+03
6.487000000000000000e+03
1.043500000000000000e+04
2.642000000000000000e+03
1.734000000000000000e+04
4.342000000000000000e+03
3.878000000000000000e+03
1.469500000000000000e+04
1.168100000000000000e+04
4.990000000000000000e+02
1.584700000000000000e+04
1.362900000000000000e+04
1.746500000000000000e+04
1.409600000000000000e+04
1.354900000000000000e+04
1.056200000000000000e+04
1.692300000000000000e+04
1.310300000000000000e+04
1.560400000000000000e+04
6.193000000000000000e+03
5.750000000000000000e+02
1.915300000000000000e+04
5.719000000000000000e+03
1.507800000000000000e+04
5.920000000000000000e+03
6.875000000000000000e+03
6.439000000000000000e+03
4.480000000000000000e+02
1.232700000000000000e+04
1.607000000000000000e+03
6.107000000000000000e+03
1.870000000000000000e+02
4.388000000000000000e+03
1.186000000000000000e+03
8.687000000000000000e+03
1.039000000000000000e+03
1.483000000000000000e+03
1.126200000000000000e+04
6.255000000000000000e+03
1.934000000000000000e+03
1.276200000000000000e+04
1.096000000000000000e+03
4.896000000000000000e+03
1.009300000000000000e+04
2.258000000000000000e+03
1.611000000000000000e+04
1.423400000000000000e+04
6.800000000000000000e+02
1.502200000000000000e+04
1.766000000000000000e+03
6.848000000000000000e+03
1.170800000000000000e+04
3.041000000000000000e+03
1.688600000000000000e+04
1.902100000000000000e+04
5.539000000000000000e+03
5.240000000000000000e+03
1.463500000000000000e+04
5.996000000000000000e+03
7.253000000000000000e+03
1.448500000000000000e+04
6.813000000000000000e+03
3.078000000000000000e+03
1.087200000000000000e+04
2.407000000000000000e+03
1.881400000000000000e+04
9.575000000000000000e+03
1.904000000000000000e+04
1.036800000000000000e+04
1.546500000000000000e+04
1.895700000000000000e+04
5.675000000000000000e+03
1.662900000000000000e+04
3.110000000000000000e+03
1.066600000000000000e+04
1.114100000000000000e+04
1.071700000000000000e+04
5.129000000000000000e+03
1.664400000000000000e+04
1.874000000000000000e+04
2.200000000000000000e+01
3.840000000000000000e+03
1.722300000000000000e+04
7.473000000000000000e+03
1.129900000000000000e+04
1.084800000000000000e+04
2.887000000000000000e+03
1.773400000000000000e+04
1.622700000000000000e+04
1.887800000000000000e+04
9.278000000000000000e+03
1.714100000000000000e+04
3.512000000000000000e+03
1.182800000000000000e+04
1.267800000000000000e+04
1.572500000000000000e+04
1.913300000000000000e+04
8.647000000000000000e+03
1.378000000000000000e+03
7.331000000000000000e+03
4.553000000000000000e+03
1.388800000000000000e+04
7.075000000000000000e+03
3.530000000000000000e+02
1.610200000000000000e+04
4.140000000000000000e+02
1.356000000000000000e+04
1.269300000000000000e+04
1.206600000000000000e+04
6.632000000000000000e+03
1.905600000000000000e+04
1.191000000000000000e+03
8.661000000000000000e+03
1.621600000000000000e+04
9.439000000000000000e+03
1.988000000000000000e+03
1.640000000000000000e+03
1.882200000000000000e+04
1.044000000000000000e+03
9.330000000000000000e+03
7.982000000000000000e+03
1.149500000000000000e+04
1.440100000000000000e+04
1.328700000000000000e+04
1.077300000000000000e+04
9.896000000000000000e+03
1.759800000000000000e+04
4.952000000000000000e+03
7.604000000000000000e+03
6.038000000000000000e+03
6.818000000000000000e+03
9.724000000000000000e+03
1.685100000000000000e+04
1.351600000000000000e+04
7.076000000000000000e+03
1.837200000000000000e+04
1.360800000000000000e+04
8.532000000000000000e+03
1.321400000000000000e+04
8.208000000000000000e+03
1.020500000000000000e+04
2.860000000000000000e+03
8.069000000000000000e+03
1.930200000000000000e+04
4.176000000000000000e+03
2.769000000000000000e+03
1.595900000000000000e+04
4.367000000000000000e+03
7.329000000000000000e+03
1.906200000000000000e+04
1.794400000000000000e+04
1.143100000000000000e+04
1.778000000000000000e+03
6.332000000000000000e+03
1.439400000000000000e+04
4.073000000000000000e+03
5.190000000000000000e+03
4.888000000000000000e+03
1.316500000000000000e+04
4.995000000000000000e+03
1.540200000000000000e+04
9.250000000000000000e+02
2.698000000000000000e+03
1.602000000000000000e+03
1.038100000000000000e+04
1.856900000000000000e+04
1.136900000000000000e+04
1.404600000000000000e+04
1.390600000000000000e+04
6.349000000000000000e+03
1.690100000000000000e+04
9.683000000000000000e+03
9.723000000000000000e+03
1.242000000000000000e+03
5.076000000000000000e+03
1.647200000000000000e+04
1.193000000000000000e+03
1.106000000000000000e+03
9.682000000000000000e+03
1.312600000000000000e+04
1.648700000000000000e+04
1.037000000000000000e+04
1.747900000000000000e+04
1.672800000000000000e+04
4.082000000000000000e+03
1.811400000000000000e+04
1.436600000000000000e+04
7.520000000000000000e+03
8.691000000000000000e+03
1.556100000000000000e+04
1.733300000000000000e+04
1.240900000000000000e+04
8.377000000000000000e+03
2.210000000000000000e+02
1.673200000000000000e+04
5.817000000000000000e+03
6.788000000000000000e+03
1.236100000000000000e+04
1.600700000000000000e+04
7.450000000000000000e+02
1.289500000000000000e+04
1.385300000000000000e+04
5.861000000000000000e+03
1.370600000000000000e+04
1.777500000000000000e+04
1.863300000000000000e+04
1.561400000000000000e+04
7.308000000000000000e+03
1.111900000000000000e+04
1.424000000000000000e+04
6.421000000000000000e+03
1.957000000000000000e+03
1.729000000000000000e+03
1.493600000000000000e+04
1.240300000000000000e+04
7.819000000000000000e+03
1.603400000000000000e+04
1.051500000000000000e+04
1.176800000000000000e+04
1.830400000000000000e+04
1.010000000000000000e+04
1.341800000000000000e+04
8.549000000000000000e+03
6.756000000000000000e+03
1.764300000000000000e+04
1.493500000000000000e+04
6.914000000000000000e+03
8.606000000000000000e+03
9.273000000000000000e+03
1.827000000000000000e+03
7.504000000000000000e+03
1.396000000000000000e+03
2.162000000000000000e+03
1.885000000000000000e+03
8.071000000000000000e+03
1.471600000000000000e+04
1.894400000000000000e+04
1.575200000000000000e+04
1.528900000000000000e+04
6.438000000000000000e+03
1.628500000000000000e+04
9.992000000000000000e+03
1.010400000000000000e+04
1.304300000000000000e+04
1.837100000000000000e+04
1.078000000000000000e+04
1.409200000000000000e+04
1.467700000000000000e+04
1.168600000000000000e+04
1.745500000000000000e+04
2.999000000000000000e+03
9.600000000000000000e+03
1.352500000000000000e+04
6.344000000000000000e+03
1.801500000000000000e+04
5.535000000000000000e+03
1.775100000000000000e+04
2.679000000000000000e+03
1.140000000000000000e+03
1.693400000000000000e+04
1.279300000000000000e+04
1.592900000000000000e+04
7.458000000000000000e+03
1.798200000000000000e+04
6.652000000000000000e+03
7.728000000000000000e+03
7.432000000000000000e+03
8.738000000000000000e+03
1.820100000000000000e+04
5.926000000000000000e+03
2.672000000000000000e+03
1.668900000000000000e+04
1.587500000000000000e+04
4.630000000000000000e+03
8.564000000000000000e+03
1.131000000000000000e+04
9.857000000000000000e+03
8.881000000000000000e+03
9.905000000000000000e+03
1.623700000000000000e+04
1.832200000000000000e+04
1.644300000000000000e+04
5.423000000000000000e+03
2.318000000000000000e+03
2.404000000000000000e+03
1.792800000000000000e+04
1.721300000000000000e+04
7.581000000000000000e+03
1.295800000000000000e+04
1.124100000000000000e+04
5.836000000000000000e+03
1.382400000000000000e+04
5.341000000000000000e+03
1.930000000000000000e+04
1.338100000000000000e+04
5.758000000000000000e+03
1.231900000000000000e+04
1.054600000000000000e+04
5.072000000000000000e+03
9.237000000000000000e+03
1.180400000000000000e+04
7.486000000000000000e+03
1.212000000000000000e+04
1.385000000000000000e+03
4.400000000000000000e+02
7.822000000000000000e+03
6.620000000000000000e+03
1.746000000000000000e+04
1.035900000000000000e+04
3.877000000000000000e+03
4.928000000000000000e+03
1.540000000000000000e+03
1.186700000000000000e+04
1.882000000000000000e+03
1.577900000000000000e+04
1.495300000000000000e+04
5.925000000000000000e+03
4.577000000000000000e+03
4.677000000000000000e+03
8.349000000000000000e+03
1.572800000000000000e+04
2.682000000000000000e+03
6.986000000000000000e+03
2.719000000000000000e+03
7.358000000000000000e+03
1.150000000000000000e+04
1.352100000000000000e+04
1.270600000000000000e+04
5.550000000000000000e+03
1.156200000000000000e+04
1.257000000000000000e+03
1.125200000000000000e+04
1.243000000000000000e+03
1.349000000000000000e+03
9.492000000000000000e+03
8.472000000000000000e+03
1.056400000000000000e+04
1.482200000000000000e+04
1.310800000000000000e+04
7.295000000000000000e+03
5.844000000000000000e+03
1.492700000000000000e+04
1.568300000000000000e+04
1.128300000000000000e+04
1.133900000000000000e+04
1.159800000000000000e+04
1.330000000000000000e+04
1.513500000000000000e+04
1.669200000000000000e+04
9.347000000000000000e+03
1.914400000000000000e+04
1.294500000000000000e+04
5.118000000000000000e+03
6.590000000000000000e+03
1.229800000000000000e+04
1.386400000000000000e+04
7.900000000000000000e+01
1.614400000000000000e+04
6.303000000000000000e+03
5.618000000000000000e+03
1.329600000000000000e+04
7.239000000000000000e+03
6.600000000000000000e+03
1.678300000000000000e+04
1.864000000000000000e+04
1.891600000000000000e+04
9.484000000000000000e+03
1.490100000000000000e+04
3.680000000000000000e+02
4.580000000000000000e+02
4.409000000000000000e+03
1.315200000000000000e+04
3.770000000000000000e+03
6.389000000000000000e+03
1.146600000000000000e+04
1.060100000000000000e+04
1.676800000000000000e+04
8.059000000000000000e+03
6.087000000000000000e+03
2.165000000000000000e+03
1.305000000000000000e+04
2.978000000000000000e+03
1.825100000000000000e+04
1.278900000000000000e+04
9.771000000000000000e+03
1.896300000000000000e+04
9.049000000000000000e+03
2.948000000000000000e+03
1.910400000000000000e+04
1.597100000000000000e+04
5.089000000000000000e+03
1.086200000000000000e+04
1.422000000000000000e+04
3.197000000000000000e+03
4.810000000000000000e+03
1.157800000000000000e+04
7.511000000000000000e+03
4.111000000000000000e+03
1.256900000000000000e+04
4.556000000000000000e+03
1.191300000000000000e+04
8.140000000000000000e+03
1.235800000000000000e+04
3.254000000000000000e+03
8.813000000000000000e+03
2.615000000000000000e+03
6.489000000000000000e+03
1.710500000000000000e+04
1.880900000000000000e+04
4.504000000000000000e+03
7.059000000000000000e+03
1.435300000000000000e+04
1.769400000000000000e+04
7.407000000000000000e+03
1.570800000000000000e+04
1.045000000000000000e+04
8.933000000000000000e+03
1.567700000000000000e+04
1.152900000000000000e+04
6.207000000000000000e+03
1.329400000000000000e+04
1.811800000000000000e+04
2.961000000000000000e+03
9.293000000000000000e+03
6.202000000000000000e+03
4.774000000000000000e+03
1.463600000000000000e+04
1.335500000000000000e+04
1.868000000000000000e+04
7.534000000000000000e+03
1.259000000000000000e+03
3.989000000000000000e+03
1.639200000000000000e+04
4.182000000000000000e+03
8.559000000000000000e+03
1.677000000000000000e+04
1.057100000000000000e+04
1.758000000000000000e+03
7.646000000000000000e+03
1.618000000000000000e+04
1.881200000000000000e+04
1.557600000000000000e+04
1.896100000000000000e+04
1.279000000000000000e+03
6.374000000000000000e+03
9.680000000000000000e+03
4.465000000000000000e+03
1.259100000000000000e+04
5.565000000000000000e+03
1.269500000000000000e+04
3.630000000000000000e+02
1.573600000000000000e+04
1.848500000000000000e+04
1.526500000000000000e+04
4.927000000000000000e+03
1.017800000000000000e+04
6.095000000000000000e+03
4.894000000000000000e+03
1.371900000000000000e+04
7.100000000000000000e+01
1.758800000000000000e+04
1.370100000000000000e+04
4.560000000000000000e+03
1.172300000000000000e+04
3.090000000000000000e+02
7.971000000000000000e+03
8.360000000000000000e+02
5.648000000000000000e+03
1.161400000000000000e+04
1.340800000000000000e+04
4.640000000000000000e+02
5.219000000000000000e+03
1.688500000000000000e+04
6.096000000000000000e+03
3.291000000000000000e+03
7.928000000000000000e+03
5.071000000000000000e+03
1.426000000000000000e+04
7.688000000000000000e+03
1.511500000000000000e+04
1.680500000000000000e+04
1.515400000000000000e+04
2.991000000000000000e+03
2.009000000000000000e+03
7.425000000000000000e+03
1.852700000000000000e+04
2.501000000000000000e+03
4.842000000000000000e+03
9.856000000000000000e+03
9.213000000000000000e+03
6.879000000000000000e+03
8.127000000000000000e+03
2.982000000000000000e+03
1.246300000000000000e+04
1.064500000000000000e+04
7.421000000000000000e+03
1.068600000000000000e+04
8.934000000000000000e+03
1.231600000000000000e+04
7.506000000000000000e+03
8.376000000000000000e+03
6.531000000000000000e+03
8.297000000000000000e+03
1.087000000000000000e+04
6.460000000000000000e+03
2.687000000000000000e+03
1.835800000000000000e+04
5.420000000000000000e+03
4.585000000000000000e+03
2.039000000000000000e+03
1.365200000000000000e+04
9.093000000000000000e+03
2.562000000000000000e+03
4.733000000000000000e+03
1.902600000000000000e+04
6.701000000000000000e+03
2.272000000000000000e+03
1.339300000000000000e+04
1.622000000000000000e+03
8.462000000000000000e+03
1.532000000000000000e+03
5.959000000000000000e+03
3.075000000000000000e+03
7.779000000000000000e+03
1.843100000000000000e+04
7.883000000000000000e+03
1.842000000000000000e+03
8.815000000000000000e+03
3.033000000000000000e+03
1.782400000000000000e+04
6.047000000000000000e+03
7.603000000000000000e+03
5.372000000000000000e+03
1.569200000000000000e+04
1.557000000000000000e+04
1.192800000000000000e+04
8.714000000000000000e+03
7.810000000000000000e+02
7.693000000000000000e+03
2.538000000000000000e+03
8.865000000000000000e+03
8.451000000000000000e+03
8.382000000000000000e+03
1.440600000000000000e+04
1.430900000000000000e+04
1.175400000000000000e+04
1.387900000000000000e+04
5.552000000000000000e+03
3.865000000000000000e+03
9.920000000000000000e+03
5.328000000000000000e+03
1.771900000000000000e+04
1.098400000000000000e+04
1.872600000000000000e+04
1.599100000000000000e+04
9.950000000000000000e+02
1.047000000000000000e+04
1.302200000000000000e+04
9.566000000000000000e+03
6.004000000000000000e+03
1.875000000000000000e+04
1.473600000000000000e+04
1.806300000000000000e+04
1.751900000000000000e+04
1.083300000000000000e+04
1.589500000000000000e+04
1.909100000000000000e+04
1.235000000000000000e+04
5.749000000000000000e+03
1.679200000000000000e+04
1.800400000000000000e+04
1.711000000000000000e+03
7.159000000000000000e+03
6.200000000000000000e+01
1.785000000000000000e+04
3.205000000000000000e+03
1.615000000000000000e+03
1.197000000000000000e+03
2.920000000000000000e+03
1.265500000000000000e+04
1.850500000000000000e+04
1.867200000000000000e+04
7.337000000000000000e+03
5.476000000000000000e+03
1.583800000000000000e+04
1.303300000000000000e+04
5.610000000000000000e+03
9.059000000000000000e+03
2.782000000000000000e+03
1.361000000000000000e+03
1.038300000000000000e+04
5.451000000000000000e+03
1.876100000000000000e+04
2.439000000000000000e+03
1.830100000000000000e+04
3.103000000000000000e+03
1.335400000000000000e+04
3.492000000000000000e+03
1.380600000000000000e+04
3.796000000000000000e+03
4.913000000000000000e+03
1.846400000000000000e+04
1.608400000000000000e+04
1.338500000000000000e+04
4.638000000000000000e+03
1.560000000000000000e+02
1.632000000000000000e+03
2.537000000000000000e+03
3.053000000000000000e+03
7.528000000000000000e+03
1.571600000000000000e+04
1.768100000000000000e+04
1.793500000000000000e+04
1.443600000000000000e+04
8.725000000000000000e+03
1.335000000000000000e+03
1.898600000000000000e+04
7.558000000000000000e+03
1.090800000000000000e+04
9.738000000000000000e+03
1.288000000000000000e+04
1.473500000000000000e+04
1.601200000000000000e+04
1.033000000000000000e+04
1.901300000000000000e+04
4.920000000000000000e+03
1.373800000000000000e+04
6.026000000000000000e+03
1.634900000000000000e+04
5.452000000000000000e+03
7.402000000000000000e+03
1.068400000000000000e+04
1.934600000000000000e+04
8.481000000000000000e+03
1.903400000000000000e+04
1.851700000000000000e+04
1.205200000000000000e+04
1.135000000000000000e+03
8.292000000000000000e+03
1.634300000000000000e+04
1.364800000000000000e+04
3.808000000000000000e+03
1.030300000000000000e+04
8.971000000000000000e+03
1.831800000000000000e+04
1.419800000000000000e+04
1.547000000000000000e+04
7.820000000000000000e+03
6.881000000000000000e+03
1.688700000000000000e+04
1.222900000000000000e+04
1.179600000000000000e+04
1.454400000000000000e+04
7.272000000000000000e+03
1.213500000000000000e+04
1.875300000000000000e+04
1.459700000000000000e+04
9.416000000000000000e+03
1.616000000000000000e+03
1.604500000000000000e+04
1.533600000000000000e+04
9.132000000000000000e+03
1.816500000000000000e+04
1.323200000000000000e+04
1.224500000000000000e+04
9.242000000000000000e+03
1.438800000000000000e+04
2.206000000000000000e+03
2.531000000000000000e+03
1.117800000000000000e+04
1.714600000000000000e+04
4.822000000000000000e+03
7.219000000000000000e+03
1.194400000000000000e+04
4.296000000000000000e+03
1.353400000000000000e+04
7.303000000000000000e+03
4.613000000000000000e+03
3.057000000000000000e+03
1.712900000000000000e+04
8.598000000000000000e+03
1.845200000000000000e+04
1.257300000000000000e+04
3.355000000000000000e+03
7.525000000000000000e+03
1.196600000000000000e+04
7.242000000000000000e+03
4.079000000000000000e+03
2.749000000000000000e+03
1.082300000000000000e+04
1.896200000000000000e+04
6.825000000000000000e+03
7.914000000000000000e+03
9.271000000000000000e+03
7.560000000000000000e+02
4.262000000000000000e+03
1.054500000000000000e+04
1.543500000000000000e+04
6.655000000000000000e+03
1.465500000000000000e+04
4.165000000000000000e+03
6.684000000000000000e+03
1.467000000000000000e+03
7.340000000000000000e+03
1.898700000000000000e+04
9.160000000000000000e+03
1.481000000000000000e+04
1.629400000000000000e+04
1.412500000000000000e+04
1.611800000000000000e+04
6.801000000000000000e+03
1.525000000000000000e+03
1.511400000000000000e+04
1.400600000000000000e+04
7.241000000000000000e+03
1.362400000000000000e+04
1.208100000000000000e+04
1.629200000000000000e+04
2.103000000000000000e+03
9.095000000000000000e+03
1.620000000000000000e+03
8.341000000000000000e+03
1.603600000000000000e+04
3.776000000000000000e+03
2.346000000000000000e+03
7.961000000000000000e+03
9.851000000000000000e+03
1.575500000000000000e+04
4.670000000000000000e+02
1.323600000000000000e+04
1.364100000000000000e+04
5.777000000000000000e+03
1.811000000000000000e+03
1.603800000000000000e+04
7.439000000000000000e+03
8.455000000000000000e+03
4.840000000000000000e+03
1.530100000000000000e+04
1.672900000000000000e+04
1.825900000000000000e+04
2.429000000000000000e+03
9.023000000000000000e+03
1.573300000000000000e+04
8.809000000000000000e+03
1.318400000000000000e+04
8.182000000000000000e+03
1.298500000000000000e+04
1.620900000000000000e+04
1.595700000000000000e+04
3.845000000000000000e+03
1.205000000000000000e+03
7.215000000000000000e+03
1.125400000000000000e+04
1.552400000000000000e+04
1.101600000000000000e+04
9.195000000000000000e+03
5.000000000000000000e+00
3.703000000000000000e+03
1.370800000000000000e+04
1.618900000000000000e+04
1.814200000000000000e+04
5.590000000000000000e+02
3.880000000000000000e+03
9.451000000000000000e+03
6.976000000000000000e+03
1.840300000000000000e+04
8.210000000000000000e+02
8.941000000000000000e+03
9.567000000000000000e+03
8.317000000000000000e+03
1.060500000000000000e+04
1.564900000000000000e+04
1.714800000000000000e+04
4.526000000000000000e+03
1.757000000000000000e+03
1.818000000000000000e+04
6.156000000000000000e+03
1.125700000000000000e+04
1.920000000000000000e+02
2.969000000000000000e+03
3.540000000000000000e+03
1.412600000000000000e+04
1.388000000000000000e+03
8.611000000000000000e+03
7.177000000000000000e+03
7.412000000000000000e+03
9.837000000000000000e+03
1.822500000000000000e+04
1.945000000000000000e+03
1.481700000000000000e+04
1.685600000000000000e+04
9.168000000000000000e+03
8.844000000000000000e+03
7.860000000000000000e+02
1.332700000000000000e+04
1.120000000000000000e+03
1.213400000000000000e+04
1.095100000000000000e+04
1.285200000000000000e+04
2.420000000000000000e+03
1.030000000000000000e+02
3.810000000000000000e+02
6.692000000000000000e+03
4.462000000000000000e+03
1.355000000000000000e+03
9.893000000000000000e+03
2.292000000000000000e+03
1.560200000000000000e+04
5.869000000000000000e+03
3.038000000000000000e+03
5.011000000000000000e+03
4.724000000000000000e+03
1.192200000000000000e+04
1.060000000000000000e+02
9.108000000000000000e+03
3.392000000000000000e+03
1.428200000000000000e+04
1.381800000000000000e+04
1.558900000000000000e+04
1.432800000000000000e+04
1.764700000000000000e+04
1.292100000000000000e+04
1.695200000000000000e+04
1.843200000000000000e+04
6.847000000000000000e+03
1.460000000000000000e+03
7.169000000000000000e+03
1.248900000000000000e+04
8.198000000000000000e+03
1.794800000000000000e+04
1.338700000000000000e+04
1.794900000000000000e+04
4.660000000000000000e+03
6.001000000000000000e+03
2.911000000000000000e+03
1.189300000000000000e+04
1.719900000000000000e+04
5.185000000000000000e+03
1.429200000000000000e+04
1.406100000000000000e+04
3.159000000000000000e+03
1.038200000000000000e+04
1.052000000000000000e+03
1.075600000000000000e+04
1.587200000000000000e+04
7.160000000000000000e+02
8.200000000000000000e+01
1.617000000000000000e+04
1.673000000000000000e+04
1.813900000000000000e+04
2.630000000000000000e+02
2.319000000000000000e+03
1.399000000000000000e+03
8.730000000000000000e+03
6.041000000000000000e+03
1.006200000000000000e+04
4.410000000000000000e+02
1.864400000000000000e+04
4.867000000000000000e+03
1.226600000000000000e+04
9.981000000000000000e+03
1.085700000000000000e+04
1.529000000000000000e+04
1.334600000000000000e+04
1.514600000000000000e+04
8.446000000000000000e+03
4.650000000000000000e+02
5.983000000000000000e+03
4.581000000000000000e+03
1.309700000000000000e+04
1.527100000000000000e+04
7.610000000000000000e+02
1.471700000000000000e+04
7.018000000000000000e+03
1.793600000000000000e+04
5.557000000000000000e+03
1.901100000000000000e+04
1.881800000000000000e+04
1.738400000000000000e+04
1.397400000000000000e+04
7.081000000000000000e+03
1.506600000000000000e+04
1.831700000000000000e+04
1.908600000000000000e+04
7.805000000000000000e+03
1.136800000000000000e+04
5.200000000000000000e+03
3.521000000000000000e+03
1.235600000000000000e+04
1.882900000000000000e+04
1.930300000000000000e+04
4.667000000000000000e+03
1.928600000000000000e+04
1.175500000000000000e+04
4.424000000000000000e+03
3.210000000000000000e+03
1.923500000000000000e+04
2.049000000000000000e+03
