[ 8162 15640 16685 17386 13665  1395  3900  8075 10297  4266  5427 11259
 14156  6627 10317 17703   787  2200  2688  9652  9816  2240   806 18929
 19113   326 19344   956  3859  7547 14402 13558  3308  8291 16665  2149
  3231  3961   398   219  5474  3305   944  4440 15958 19039  6691 10993
 16258   543  5653  1947 16103 12699 14984 12212 18804  5826  9285  2364
  1022 18231 16841  9474  1250 15031   515 14228  7645 10905 12344  1692
 19249 10727  2588  8610 15042 18839  8907  5408  7024 15147  4717 17771
  2673 13199 18945  2726  1595  9279  7606 14404   883 10436 11635  7463
  1282  2093 15942  8429  5448   126  1304  6487 10435  2642 17340  4342
  3878 14695 11681   499 15847 13629 17465 14096 13549 10562 16923 13103
 15604  6193   575 19153  5719 15078  5920  6875  6439   448 12327  1607
  6107   187  4388  1186  8687  1039  1483 11262  6255  1934 12762  1096
  4896 10093  2258 16110 14234   680 15022  1766  6848 11708  3041 16886
 19021  5539  5240 14635  5996  7253 14485  6813  3078 10872  2407 18814
  9575 19040 10368 15465 18957  5675 16629  3110 10666 11141 10717  5129
 16644 18740    22  3840 17223  7473 11299 10848  2887 17734 16227 18878
  9278 17141  3512 11828 12678 15725 19133  8647  1378  7331  4553 13888
  7075   353 16102   414 13560 12693 12066  6632 19056  1191  8661 16216
  9439  1988  1640 18822  1044  9330  7982 11495 14401 13287 10773  9896
 17598  4952  7604  6038  6818  9724 16851 13516  7076 18372 13608  8532
 13214  8208 10205  2860  8069 19302  4176  2769 15959  4367  7329 19062
 17944 11431  1778  6332 14394  4073  5190  4888 13165  4995 15402   925
  2698  1602 10381 18569 11369 14046 13906  6349 16901  9683  9723  1242
  5076 16472  1193  1106  9682 13126 16487 10370 17479 16728  4082 18114
 14366  7520  8691 15561 17333 12409  8377   221 16732  5817  6788 12361
 16007   745 12895 13853  5861 13706 17775 18633 15614  7308 11119 14240
  6421  1957  1729 14936 12403  7819 16034 10515 11768 18304 10100 13418
  8549  6756 17643 14935  6914  8606  9273  1827  7504  1396  2162  1885
  8071 14716 18944 15752 15289  6438 16285  9992 10104 13043 18371 10780
 14092 14677 11686 17455  2999  9600 13525  6344 18015  5535 17751  2679
  1140 16934 12793 15929  7458 17982  6652  7728  7432  8738 18201  5926
  2672 16689 15875  4630  8564 11310  9857  8881  9905 16237 18322 16443
  5423  2318  2404 17928 17213  7581 12958 11241  5836 13824  5341 19300
 13381  5758 12319 10546  5072  9237 11804  7486 12120  1385   440  7822
  6620 17460 10359  3877  4928  1540 11867  1882 15779 14953  5925  4577
  4677  8349 15728  2682  6986  2719  7358 11500 13521 12706  5550 11562
  1257 11252  1243  1349  9492  8472 10564 14822 13108  7295  5844 14927
 15683 11283 11339 11598 13300 15135 16692  9347 19144 12945  5118  6590
 12298 13864    79 16144  6303  5618 13296  7239  6600 16783 18640 18916
  9484 14901   368   458  4409 13152  3770  6389 11466 10601 16768  8059
  6087  2165 13050  2978 18251 12789  9771 18963  9049  2948 19104 15971
  5089 10862 14220  3197  4810 11578  7511  4111 12569  4556 11913  8140
 12358  3254  8813  2615  6489 17105 18809  4504  7059 14353 17694  7407
 15708 10450  8933 15677 11529  6207 13294 18118  2961  9293  6202  4774
 14636 13355 18680  7534  1259  3989 16392  4182  8559 16770 10571  1758
  7646 16180 18812 15576 18961  1279  6374  9680  4465 12591  5565 12695
   363 15736 18485 15265  4927 10178  6095  4894 13719    71 17588 13701
  4560 11723   309  7971   836  5648 11614 13408   464  5219 16885  6096
  3291  7928  5071 14260  7688 15115 16805 15154  2991  2009  7425 18527
  2501  4842  9856  9213  6879  8127  2982 12463 10645  7421 10686  8934
 12316  7506  8376  6531  8297 10870  6460  2687 18358  5420  4585  2039
 13652  9093  2562  4733 19026  6701  2272 13393  1622  8462  1532  5959
  3075  7779 18431  7883  1842  8815  3033 17824  6047  7603  5372 15692
 15570 11928  8714   781  7693  2538  8865  8451  8382 14406 14309 11754
 13879  5552  3865  9920  5328 17719 10984 18726 15991   995 10470 13022
  9566  6004 18750 14736 18063 17519 10833 15895 19091 12350  5749 16792
 18004  1711  7159    62 17850  3205  1615  1197  2920 12655 18505 18672
  7337  5476 15838 13033  5610  9059  2782  1361 10383  5451 18761  2439
 18301  3103 13354  3492 13806  3796  4913 18464 16084 13385  4638   156
  1632  2537  3053  7528 15716 17681 17935 14436  8725  1335 18986  7558
 10908  9738 12880 14735 16012 10330 19013  4920 13738  6026 16349  5452
  7402 10684 19346  8481 19034 18517 12052  1135  8292 16343 13648  3808
 10303  8971 18318 14198 15470  7820  6881 16887 12229 11796 14544  7272
 12135 18753 14597  9416  1616 16045 15336  9132 18165 13232 12245  9242
 14388  2206  2531 11178 17146  4822  7219 11944  4296 13534  7303  4613
  3057 17129  8598 18452 12573  3355  7525 11966  7242  4079  2749 10823
 18962  6825  7914  9271   756  4262 10545 15435  6655 14655  4165  6684
  1467  7340 18987  9160 14810 16294 14125 16118  6801  1525 15114 14006
  7241 13624 12081 16292  2103  9095  1620  8341 16036  3776  2346  7961
  9851 15755   467 13236 13641  5777  1811 16038  7439  8455  4840 15301
 16729 18259  2429  9023 15733  8809 13184  8182 12985 16209 15957  3845
  1205  7215 11254 15524 11016  9195     5  3703 13708 16189 18142   559
  3880  9451  6976 18403   821  8941  9567  8317 10605 15649 17148  4526
  1757 18180  6156 11257   192  2969  3540 14126  1388  8611  7177  7412
  9837 18225  1945 14817 16856  9168  8844   786 13327  1120 12134 10951
 12852  2420   103   381  6692  4462  1355  9893  2292 15602  5869  3038
  5011  4724 11922   106  9108  3392 14282 13818 15589 14328 17647 12921
 16952 18432  6847  1460  7169 12489  8198 17948 13387 17949  4660  6001
  2911 11893 17199  5185 14292 14061  3159 10382  1052 10756 15872   716
    82 16170 16730 18139   263  2319  1399  8730  6041 10062   441 18644
  4867 12266  9981 10857 15290 13346 15146  8446   465  5983  4581 13097
 15271   761 14717  7018 17936  5557 19011 18818 17384 13974  7081 15066
 18317 19086  7805 11368  5200  3521 12356 18829 19303  4667 19286 11755
  4424  3210 19235  2049]
('MT19937', array([ 929006841,  421754026, 2043543986, 4259845985,  619437503,
       3112541173, 2801971605, 2103508346,  450651925, 3918457234,
         73239998, 3042645453, 3334042107,  740718230, 1227717207,
       3466332418, 1973662836, 1449682959,  721302946,  708516729,
       3116287053, 3090617039, 3590643280, 2794746534, 3244244937,
        850980771, 1166560463,   94107793,  633248282, 3515222590,
       3508902851,  296221885, 3768253661, 3703832742, 4006108019,
       2370655841, 3232626702, 1493071643,  124788742, 1057602983,
        738912952, 3996897141, 2615896359, 4139187716,  225555353,
       2829857433, 2385226294, 4070184069, 3194404796, 2823847744,
       3538254249, 4210642820,  880351190, 4114881259, 3466347459,
        877652944, 1463449475, 1776897389, 4014387315, 2292082900,
       3697067219,  951089971, 1730428545, 1047380134, 1566720085,
        255585032, 3780603513, 3795550352, 1230934279, 2710016329,
       3575841675,  357028051, 2517323832, 3518204633, 3742275040,
        946371068,  169201337, 3934641108, 1808316661, 1546313399,
       3391307279,  620342554, 1379431120, 2351141940, 2805709681,
       3939704298, 3098230988, 2590149937,  656075485, 4051523595,
       3118622337, 1294525656,  400281975, 2772797951,  742751617,
       3024028450, 3275108456, 3551627883, 4271708351, 1122943408,
       1788630119, 4192430415, 1202991340, 2914037979,  931854369,
        507714805, 1836685660, 3703666184, 1386373005, 1928462817,
       3391320439, 2898172078, 2638150201, 3952983656, 1317983108,
        768566866, 1860324186,  317137834, 2764392606,  793831517,
       2754479118, 1221454265,  164088304, 3429007713, 3159187733,
         20987653,  435564992, 3150244791, 4099805225, 3608713687,
       2222989541,  557324793, 1303264087, 2620061941, 4107983428,
        191814175, 2833545525, 1668649090, 1121388170, 2539670761,
        438932873, 1665741520,  480355411, 2909522677, 1009364507,
        774608261,  565334707, 2137001855, 2649322359, 3169542488,
       2081449136,   72503107,  542494251,  478485654,  819256768,
       2418528000, 3696562983, 2697593237, 1023377523, 4219947058,
       3406771859, 2936622941, 2843741968, 2089707656, 3353852408,
       4253401170,  374337869, 1094076615, 3953459661, 1794135718,
       1416211937,  542793640, 1526475525, 3026261082, 3282037862,
       2779759986, 2091884853, 2187775407,   83051057, 3978076516,
       1257041622,  369148057,  836309714, 2955060614, 1288211565,
        963249403,  307711071, 2227733145, 3850579540, 3447956817,
       2040848174, 4089200103, 1560173652, 3512072187,  907450405,
       4049445968,   38232400, 2871651637, 2250133620, 1610811280,
       1265074423,  164992090, 2404276759, 1434953098, 3169160805,
       2587174700, 1616999172, 1813548082, 2906196024, 3233789039,
       2315740350, 2899620317, 3061629949, 4136201197,   52765369,
       3551660257,  748860155, 1016507577, 3088733155, 1452530702,
       2374293697, 2108388693,  866948100, 3111944992, 2993838324,
       4097490105, 2013481180, 1578323125, 1712026370, 2447584712,
       2145330305, 1266754196, 4111896200, 2998413025, 3068417103,
       1232075301, 2303390056, 4071497016, 2963146279, 1341582989,
       4185283717,  318967704, 1146839476,  168329359, 2762477636,
       1595226667,  754200286, 2816855824, 3181001530,  485375510,
       2658654708, 1383954778, 3867559364, 3231331636, 1168041530,
       3704677030, 1970096017, 2405483643, 3100946147, 1268146486,
        595948883, 4157496497,  904035714, 3402998423, 2210162161,
       2056671486,  290811652, 3373614958, 2908569634, 3568486980,
       3247769189, 4077079688, 3712588680, 1734645443, 1804654796,
       3382520353, 4266197811,  274875672, 2881631580, 2289903142,
       2789882408, 3705242282, 3769550317, 2828499305, 1753042503,
       4050973426, 3551781479, 1012460772, 3792454999, 3221398388,
       1465695765, 1493956380, 3234759651, 3375616986,  772288230,
        342837363, 3748386265, 1018886685, 2550229746,  819712246,
       1838851009, 2820243561,  854137256, 1793322383, 1046628539,
        854017927,  762918100, 3456169236, 3609206661, 1749942742,
        812559710, 1803050459, 1043395528, 1592821127, 1621433168,
       1050772096, 2945733588, 1254964033, 3592174206,   96260779,
       1473296927, 1771948120, 1379801485, 3615453810,  758411016,
       1435929692, 4257069423, 2952639990, 2399319179, 2444223743,
       2717665538, 2123560121, 4056307898,  263646175,  144474548,
       1219536261, 4051589312, 3058235350, 1941504964,  125021654,
       3174721191, 2401783778, 2269702312, 2137264482, 1526287792,
       3048798754, 3383580459, 2339935646, 1672264027, 2004715961,
       2785532828, 2965769135, 3393171591, 4096902254, 2600884160,
       3337553041,   56521360,  888345057,  962442271, 3156200671,
       2232624643, 2162054163, 2740374645, 4280981086, 2593928264,
         53917875, 2196773794,   48375001,  657588985, 2750586614,
       1818201448,  855480761,  838943291, 4251031635, 3033931457,
       2421692953,  822241759, 1243354129,  157861732, 2555398312,
        440995216, 3091810240,  320952620, 3313003619, 3215575935,
       2779596748, 3643520652, 3491096100, 1978859985, 4255326306,
       1633508989, 3307011809,  318817399,  750529752, 1327955809,
       3058432962, 3500464670, 3795466450,  748471220, 2045140311,
       1938775560, 1555007631,  517856831, 3236062471, 1177115429,
       1595818378,  303969749,  560500112,  568619460, 4025676447,
       1532474773, 2093997018, 3874238023, 4281225812, 1065543425,
       1706759665,  539100815, 1961980659, 1136382336, 2817954499,
       1486863268,  276407430,  718484217, 1352866655, 3794901653,
       3923863222, 3509035982, 4010179502, 2052512803, 2373085652,
       2362113512, 3264508107, 2434019450, 3408998534, 1230244321,
         42725319,  979732903, 1260502501, 4252815891, 3223631570,
       3506200386, 4233599322, 3334539969, 4039810757, 2069593722,
       2682313939, 1019040740, 2443429283, 3545180854,  623963573,
       3026002158, 3937123718, 3176151570, 1802156887, 2164667873,
       2744713292, 3096842206, 3724869607, 2919265312, 2531291990,
       1430287889,  963233519, 2059389931,  593661073, 3739312737,
       1280909436, 4240439555,  797601920, 1244621808, 2457022630,
       3105902245, 3529969059, 1733815497, 3105871716,  685966526,
        153574897, 3096703774, 3821416267,  277489589, 3050597203,
       1614234210, 1887825969, 1797212406, 1329575979, 1236318644,
         88092926, 3408451359, 1847300697, 3773203020,   33837328,
       1435478255,  241229444, 3766477297, 1593063635, 2472284235,
        977628746,  505072200,  493922929,  407141624, 2518187407,
       3863921820, 4238057583, 4173127503, 3915605014, 2283613923,
       3599811680, 2871343156, 1140598087, 4189936117, 1933288858,
       1067079342,  830249378, 2865190269, 4002080292, 3394984705,
       1912065006, 1694657950, 2475398373,  385642394,  185107747,
        333416061,  224564841, 3139954442, 3133986024, 3784339710,
       3333800975,  978822663, 3120466154, 1318390759,  308896160,
        162382982,  440394828, 2621053713, 3651194883, 3501684258,
       2372517248,  199842985,  717114101, 3715919572,  975616823,
       1473180162, 3792924239, 3299411114, 1539241866, 2575855039,
       2707508437, 1236459885,  491184726, 1630529519, 1243537947,
        147149764,  646785468, 4184906861, 1001487753,  928883293,
       2047066285,  998702729, 3519121802, 2617621794, 4206488886,
       4119319629, 2504491872, 2329753454, 1756136619, 1581854980,
       2470748971, 3363344377,  699498910,  743963584, 3913939223,
       1808380829, 4180861366,  802219899, 3109722034, 1773242408,
       2225525107, 1187401258, 2897564234, 3392142221, 3641159095,
       1132024846, 2255923480,  586636510, 2378759740, 1100453406,
       4067697854, 1764478423, 4055768110,  644403362,  187127204,
       4136272928, 4032819142,  810038982, 1047860464, 1796876593,
       3064567968, 2529959179, 4136439742, 3783319366,  441333967,
       3251032781, 2254452831, 3268703716, 2063486577, 3804943411,
       1463756348, 3034817890,  149571440, 1763181018, 1566053316,
        895429246, 1231361244,  221665341, 1954035703, 3849068215,
       1402134147, 2747989641, 3013792866, 3176515589, 1692981417,
       2813284998, 4039563976, 3171085403,  302229693], dtype=uint32), 547, 0, 0.0)